INSERT INTO l4m_app_real_calendar ("Day", "Date", "Competition_id", "RealTeamHome_id", "RealTeamAway_id") VALUES
(1, '2025-08-23 18:30:00+02', 1, 1,32),
(1, '2025-08-23 18:30:00+02', 1, 3,5),
(1, '2025-08-23 18:30:00+02', 1, 25,10),
(1, '2025-08-23 18:30:00+02', 1, 7,11),
(1, '2025-08-23 18:30:00+02', 1, 8,18),
(1, '2025-08-23 18:30:00+02', 1, 9,31),
(1, '2025-08-23 18:30:00+02', 1, 12,27),
(1, '2025-08-23 18:30:00+02', 1, 15,2),
(1, '2025-08-23 18:30:00+02', 1, 17,14),
(1, '2025-08-23 18:30:00+02', 1, 19,20),
(2, '2025-08-31 15:00:00+02', 1, 2,25),
(2, '2025-08-31 15:00:00+02', 1, 27,17),
(2, '2025-08-31 15:00:00+02', 1, 7,9),
(2, '2025-08-31 15:00:00+02', 1, 8,19),
(2, '2025-08-31 15:00:00+02', 1, 10,20),
(2, '2025-08-31 15:00:00+02', 1, 11,12),
(2, '2025-08-31 15:00:00+02', 1, 14,3),
(2, '2025-08-31 15:00:00+02', 1, 31,1),
(2, '2025-08-31 15:00:00+02', 1, 32,15),
(2, '2025-08-31 15:00:00+02', 1, 18,5),
(3, '2025-09-14 15:00:00+02', 1, 1,11),
(3, '2025-09-14 15:00:00+02', 1, 3,31),
(3, '2025-09-14 15:00:00+02', 1, 25,7),
(3, '2025-09-14 15:00:00+02', 1, 5,14),
(3, '2025-09-14 15:00:00+02', 1, 9,8),
(3, '2025-09-14 15:00:00+02', 1, 12,2),
(3, '2025-09-14 15:00:00+02', 1, 32,19),
(3, '2025-09-14 15:00:00+02', 1, 15,18),
(3, '2025-09-14 15:00:00+02', 1, 17,10),
(3, '2025-09-14 15:00:00+02', 1, 20,27),
(4, '2025-09-21 15:00:00+02', 1, 2,7),
(4, '2025-09-21 15:00:00+02', 1, 27,31),
(4, '2025-09-21 15:00:00+02', 1, 5,25),
(4, '2025-09-21 15:00:00+02', 1, 8,17),
(4, '2025-09-21 15:00:00+02', 1, 10,15),
(4, '2025-09-21 15:00:00+02', 1, 11,3),
(4, '2025-09-21 15:00:00+02', 1, 14,32),
(4, '2025-09-21 15:00:00+02', 1, 18,1),
(4, '2025-09-21 15:00:00+02', 1, 19,12),
(4, '2025-09-21 15:00:00+02', 1, 20,9),
(5, '2025-09-28 15:00:00+02', 1, 3,8),
(5, '2025-09-28 15:00:00+02', 1, 25,27),
(5, '2025-09-28 15:00:00+02', 1, 7,10),
(5, '2025-09-28 15:00:00+02', 1,  9,1),
(5, '2025-09-28 15:00:00+02', 1, 11,2),
(5, '2025-09-28 15:00:00+02', 1, 12,14),
(5, '2025-09-28 15:00:00+02', 1, 31,18),
(5, '2025-09-28 15:00:00+02', 1, 32,5),
(5, '2025-09-28 15:00:00+02', 1, 15,20),
(5, '2025-09-28 15:00:00+02', 1, 17,19);

6/38
6^ GIORNATA (5 OTTOBRE 2025)

1,25
2,32
5,15
8,27
9,12
10,18
14,7
31,11
19,3
20,17
pubblicità

7/38
7^ GIORNATA (19 OTTOBRE 2025)

1,10
3,2
25,9
27,19
7,31
11,17
12,5
32,20
15,8
18,14 

8/38
8^ GIORNATA (26 OTTOBRE 2025)

27,1
5,2
10,9
12,32
14,8
31,25
17,15
18,7
19,11
20,3

9/38
9^ GIORNATA (29 OTTOBRE 2025)

1,12
2,18
3,17
25,20
7,27
8,5
 9,19
11,14
32,10
15,31
pubblicità

10/38
10^ GIORNATA (2 NOVEMBRE 2025) 

27,9
5,11
10,3
12,15
14,25
31,2
17,7
18,32
19,1
20,8

11/38
11^ GIORNATA (9 NOVEMBRE 2025)

1,17
2,14
25,3
7,5
8,10
9,18
11,20
31,12
32,27
15,19

12/38
12^ GIORNATA (23 NOVEMBRE 2025)

3,7
27,15
5,9
8,12
10,11
14,1
17,32
18,25
19,2
20,31
pubblicità

13/38
13^ GIORNATA (30 NOVEMBRE 2025)

1,5
2,27
25,17
7,20
9,3
11,18
12,10
 31,19
32,8
15,14

14/38
14^ GIORNATA (7 DICEMBRE 2025) 

3,15
27,11
8,25
10,2
14,9
32,31
17,5
18,12
19,7
20,1

15/38
15^ GIORNATA (14 DICEMBRE 2025)

1,3
2,9
5,20
7,8
11,32
12,17
31,10
15,25
18,27
19,14
pubblicità

16/38
16^ GIORNATA (21 DICEMBRE 2025)

3,32
25,12
5,19
7,1
8,11
 9,15
10,27
14,31
17,18
20,2

17/38
17^ GIORNATA (28 DICEMBRE 2025)

1,8
2,17
27,14
11,25
12,20
31,5
32,9
15,7
18,3
19,10

18/38
18^ GIORNATA (3 GENNAIO 2026)

1,15
3,12
25,19
5,27
7,32
8,2
9,11
10,14
17,31
20,18
pubblicità

19/38
19^ GIORNATA (6 GENNAIO 2026)

2,1
27,3
10,5
11,15
12,7
14,20
31,8
32,25
17,9
18,19

20/38
20^ GIORNATA (11 GENNAIO 2026)

1,18
25,2
5,12
7,3
8,14
9,27
11,31
15,17
19,32
20,10

21/38
21^ GIORNATA (18 GENNAIO 2026)

2,5
3,9
27,20
10,25
12,11
14,17
31,7
32,1
18,15
19,8
pubblicità

22/38
22^ GIORNATA (25 GENNAIO 2026)

1,31
25,18
5,3
7,2
8,32
9,14
11,10
15,12
17,27
20,19

23/38
23^ GIORNATA (1 FEBBRAIO 2026)

2,12
3,20
25,1
27,8
10,7
14,5
31,9
32,17
18,11
19,15

24/38
24^ GIORNATA (8 FEBBRAIO 2026)

1,27
2,31
5,18
7,14
9,10
11,19
12,25
15,3
17,8
20,32
pubblicità

25/38
25^ GIORNATA (15 FEBBRAIO 2026)

3,11
25,5
27,7
 8,9
10,1
14,15
31,20
32,12
18,2
19,17

26/38
26^ GIORNATA (22 FEBBRAIO 2026)

1,14
2,19
3,10
5,32
7,18
9,25
11,8
12,31
15,27
17,20

27/38
27^ GIORNATA (1 MARZO 2026)

25,11
27,12
8,7
31,3
32,2
15,9
17,1
18,10
19,5
20,14
pubblicità

28/38
28^ GIORNATA (8 MARZO 2026)

1,19
2,20
3,25
5,31
7,15
9,32
10,17
11,27
12,8
14,18

29/38
29^ GIORNATA (15 MARZO 2026)

25,15
27,5
8,1
10,12
14,11
32,3
17,2
18,31
19,9
20,7

30/38
30^ GIORNATA (22 MARZO 2026)

1,20
2,10
3,14
25,32
5,8
7,19
9,17
12,18
31,27
15,11
pubblicità

31/38
31^ GIORNATA (4 APRILE 2026)

27,2
8,15
9,7
10,31
11,1
14,12
32,18
17,3
19,25
20,5

32/38
32^ GIORNATA (12 APRILE 2026)

1,9
2,11
3,27
25,8
5,10
7,17
12,19
31,14
15,32
18,20

33/38
33^ GIORNATA (19 APRILE 2026)

27,18
8,3
9,2
11,5
14,10
32,7
15,1
17,25
19,31
20,12
pubblicità

34/38
34^ GIORNATA (26 APRILE 2026)

2,15
3,1
5,17
7,25
10,19
12,9
14,27
31,32
18,8
20,11

35/38
35^ GIORNATA (3 MAGGIO 2026)

1,7
2,3 
25,14
27,10
8,31
9,20
32,11
15,5
17,12
19,18

36/38
36^ GIORNATA (10 MAGGIO 2026)

3,19
27,32
5,7
10,8
11,9
12,1
14,2
31,15
18,17
20,25
pubblicità

37/38
37^ GIORNATA (17 MAGGIO 2026)

1,2
3,18
25,31
7,12
8,20
9,5
32,14
15,10
17,11
19,27

38/38
38^ GIORNATA (24 MAGGIO 2026)

2,8
27,25
5,1
10,32
11,7
12,3
14,19
31,17
18,9
20,15
